0.005	0
0.01	0.000186599
0.015	0.000746404
0.02	0.00167945
0.025	0.0029858
0.03	0.00466556
0.035	0.00671885
0.04	0.00914581
0.045	0.0119466
0.05	0.0151215
0.055	0.0186706
0.06	0.0225943
0.065	0.0268927
0.07	0.0315662
0.075	0.0366152
0.08	0.0420399
0.085	0.0478408
0.09	0.0540184
0.095	0.060573
0.1	0.0675053
0.105	0.0748158
0.11	0.082505
0.115	0.0905738
0.12	0.0990227
0.125	0.107853
0.13	0.117064
0.135	0.126659
0.14	0.136637
0.145	0.146999
0.15	0.157747
0.155	0.168881
0.16	0.1804
0.165	0.192304
0.17	0.204591
0.175	0.217255
0.18	0.230287
0.185	0.243674
0.19	0.257395
0.195	0.271434
0.2	0.285784
0.205	0.300452
0.21	0.315454
0.215	0.330808
0.22	0.346525
0.225	0.362611
0.23	0.379062
0.235	0.395873
0.24	0.413031
0.245	0.430525
0.25	0.448344
0.255	0.466484
0.26	0.484941
0.265	0.503718
0.27	0.522817
0.275	0.542244
0.28	0.562003
0.285	0.582096
0.29	0.602524
0.295	0.623288
0.3	0.644385
0.305	0.665811
0.31	0.687563
0.315	0.709636
0.32	0.732026
0.325	0.754728
0.33	0.777737
0.335	0.801049
0.34	0.824656
0.345	0.848548
0.35	0.872715
0.355	0.897143
0.36	0.921822
0.365	0.94675
0.37	0.971931
0.375	0.997382
0.38	1.02312
0.385	1.04917
0.39	1.07554
0.395	1.10222
0.4	1.12922
0.405	1.15653
0.41	1.18414
0.415	1.21206
0.42	1.24029
0.425	1.26883
0.43	1.2977
0.435	1.32688
0.44	1.3564
0.445	1.38624
0.45	1.4164
0.455	1.44689
0.46	1.47769
0.465	1.50881
0.47	1.54024
0.475	1.57197
0.48	1.60399
0.485	1.6363
0.49	1.6689
0.495	1.70177
0.5	1.73492
0.505	1.76836
0.51	1.80209
0.515	1.83611
0.52	1.87044
0.525	1.90505
0.53	1.93996
0.535	1.97514
0.54	2.01061
0.545	2.04636
0.55	2.08239
0.555	2.11871
0.56	2.1553
0.565	2.19217
0.57	2.22931
0.575	2.26674
0.58	2.30445
0.585	2.34244
0.59	2.38074
0.595	2.41935
0.6	2.45828
0.605	2.49754
0.61	2.53713
0.615	2.57705
0.62	2.61732
0.625	2.65791
0.63	2.69885
0.635	2.74013
0.64	2.78174
0.645	2.82367
0.65	2.86592
0.655	2.90847
0.66	2.95128
0.665	2.99434
0.67	3.03761
0.675	3.08106
0.68	3.12466
0.685	3.16837
0.69	3.21217
0.695	3.25608
0.7	3.30007
0.705	3.34414
0.71	3.38826
0.715	3.43244
0.72	3.47668
0.725	3.52103
0.73	3.56552
0.735	3.61017
0.74	3.65498
0.745	3.69994
0.75	3.74503
0.755	3.79025
0.76	3.83561
0.765	3.88112
0.77	3.92681
0.775	3.9727
0.78	4.0188
0.785	4.06512
0.79	4.11168
0.795	4.15849
0.8	4.20558
0.805	4.25295
0.81	4.30061
0.815	4.34855
0.82	4.39675
0.825	4.44518
0.83	4.49381
0.835	4.54258
0.84	4.59147
0.845	4.64042
0.85	4.6894
0.855	4.73839
0.86	4.78736
0.865	4.8363
0.87	4.88521
0.875	4.9341
0.88	4.98296
0.885	5.03182
0.89	5.08069
0.895	5.12961
0.9	5.1786
0.905	5.22772
0.91	5.277
0.915	5.32647
0.92	5.37616
0.925	5.42607
0.93	5.47621
0.935	5.52658
0.94	5.57718
0.945	5.62803
0.95	5.67914
0.955	5.7305
0.96	5.78214
0.965	5.83405
0.97	5.88623
0.975	5.93867
0.98	5.99138
0.985	6.04433
0.99	6.09753
0.995	6.15097
1	6.20466
1.005	6.25861
1.01	6.31282
1.015	6.36731
1.02	6.42209
1.025	6.47716
1.03	6.53252
1.035	6.58815
1.04	6.64402
1.045	6.70009
1.05	6.75631
1.055	6.81264
1.06	6.86902
1.065	6.92544
1.07	6.98193
1.075	7.03852
1.08	7.09526
1.085	7.1522
1.09	7.2094
1.095	7.26687
1.1	7.32465
1.105	7.38275
1.11	7.44118
1.115	7.4999
1.12	7.5589
1.125	7.61811
1.13	7.67749
1.135	7.73699
1.14	7.7966
1.145	7.85632
1.15	7.91618
1.155	7.97619
1.16	8.0364
1.165	8.09685
1.17	8.15757
1.175	8.21857
1.18	8.27987
1.185	8.34147
1.19	8.40335
1.195	8.4655
1.2	8.52791
1.205	8.59053
1.21	8.65335
1.215	8.71634
1.22	8.77947
1.225	8.84271
1.23	8.90604
1.235	8.96945
1.24	9.03289
1.245	9.09633
1.25	9.15972
1.255	9.22303
1.26	9.28623
1.265	9.34932
1.27	9.41233
1.275	9.47528
1.28	9.53824
1.285	9.60126
1.29	9.66438
1.295	9.72763
1.3	9.79107
1.305	9.85471
1.31	9.9186
1.315	9.98274
1.32	10.0472
1.325	10.1118
1.33	10.1767
1.335	10.2419
1.34	10.3072
1.345	10.3727
1.35	10.4382
1.355	10.5039
1.36	10.5698
1.365	10.6358
1.37	10.702
1.375	10.7685
1.38	10.8351
1.385	10.9021
1.39	10.9693
1.395	11.0367
1.4	11.1044
1.405	11.1724
1.41	11.2406
1.415	11.3092
1.42	11.3781
1.425	11.4473
1.43	11.5168
1.435	11.5866
1.44	11.6568
1.445	11.7272
1.45	11.798
1.455	11.8691
1.46	11.9406
1.465	12.0124
1.47	12.0845
1.475	12.1569
1.48	12.2297
1.485	12.3028
1.49	12.3763
1.495	12.4501
1.5	12.5242
1.505	12.5986
1.51	12.6734
1.515	12.7484
1.52	12.8237
1.525	12.8993
1.53	12.9752
1.535	13.0514
1.54	13.1278
1.545	13.2045
1.55	13.2815
1.555	13.3587
1.56	13.4362
1.565	13.514
1.57	13.5921
1.575	13.6705
1.58	13.749
1.585	13.8278
1.59	13.9067
1.595	13.9856
1.6	14.0646
1.605	14.1436
1.61	14.2226
1.615	14.3016
1.62	14.3806
1.625	14.4596
1.63	14.5387
1.635	14.6179
1.64	14.6971
1.645	14.7764
1.65	14.8557
1.655	14.9352
1.66	15.0146
1.665	15.0941
1.67	15.1736
1.675	15.2531
1.68	15.3326
1.685	15.4122
1.69	15.4918
1.695	15.5715
1.7	15.6514
1.705	15.7315
1.71	15.8118
1.715	15.8924
1.72	15.9732
1.725	16.0543
1.73	16.1356
1.735	16.2172
1.74	16.2988
1.745	16.3806
1.75	16.4625
1.755	16.5444
1.76	16.6263
1.765	16.7084
1.77	16.7905
1.775	16.8728
1.78	16.9553
1.785	17.0378
1.79	17.1206
1.795	17.2035
1.8	17.2867
1.805	17.37
1.81	17.4536
1.815	17.5374
1.82	17.6214
1.825	17.7056
1.83	17.7901
1.835	17.8747
1.84	17.9596
1.845	18.0447
1.85	18.13
1.855	18.2155
1.86	18.3013
1.865	18.3872
1.87	18.4734
1.875	18.5598
1.88	18.6464
1.885	18.7333
1.89	18.8203
1.895	18.9075
1.9	18.9949
1.905	19.0824
1.91	19.17
1.915	19.2577
1.92	19.3456
1.925	19.4337
1.93	19.5219
1.935	19.6104
1.94	19.699
1.945	19.7879
1.95	19.8771
1.955	19.9664
1.96	20.0558
1.965	20.1454
1.97	20.2348
1.975	20.3241
1.98	20.413
1.985	20.5016
1.99	20.5898
1.995	20.6777
2	20.7653
2.005	20.8527
2.01	20.9398
2.015	21.0267
2.02	21.1134
2.025	21.2001
2.03	21.2866
2.035	21.3731
2.04	21.4596
2.045	21.5461
2.05	21.6327
2.055	21.7193
2.06	21.806
2.065	21.8927
2.07	21.9795
2.075	22.0663
2.08	22.1532
2.085	22.2402
2.09	22.3272
2.095	22.4143
2.1	22.5015
2.105	22.5887
2.11	22.676
2.115	22.7633
2.12	22.8505
2.125	22.9376
2.13	23.0245
2.135	23.1112
2.14	23.1977
2.145	23.2839
2.15	23.3699
2.155	23.4558
2.16	23.5416
2.165	23.6273
2.17	23.7129
2.175	23.7986
2.18	23.8844
2.185	23.9703
2.19	24.0564
2.195	24.1426
2.2	24.2292
2.205	24.3159
2.21	24.403
2.215	24.4903
2.22	24.5779
2.225	24.6658
2.23	24.7538
2.235	24.842
2.24	24.9303
2.245	25.0187
2.25	25.1071
2.255	25.1955
2.26	25.2839
2.265	25.3722
2.27	25.4606
2.275	25.5489
2.28	25.6373
2.285	25.7257
2.29	25.8141
2.295	25.9026
2.3	25.9912
2.305	26.0799
2.31	26.1687
2.315	26.2577
2.32	26.3469
2.325	26.4363
2.33	26.5261
2.335	26.6161
2.34	26.7065
2.345	26.7973
2.35	26.8884
2.355	26.9797
2.36	27.0712
2.365	27.1628
2.37	27.2544
2.375	27.3459
2.38	27.4373
2.385	27.5285
2.39	27.6196
2.395	27.7105
2.4	27.8012
2.405	27.8917
2.41	27.9818
2.415	28.0716
2.42	28.1611
2.425	28.2501
2.43	28.3388
2.435	28.4272
2.44	28.5153
2.445	28.6031
2.45	28.6908
2.455	28.7784
2.46	28.8659
2.465	28.9532
2.47	29.0404
2.475	29.1274
2.48	29.2139
2.485	29.3
2.49	29.3854
2.495	29.4701
2.5	29.5543
2.505	29.6379
2.51	29.7212
2.515	29.8043
2.52	29.8872
2.525	29.9702
2.53	30.0532
2.535	30.1365
2.54	30.2199
2.545	30.3035
2.55	30.3874
2.555	30.4715
2.56	30.5559
2.565	30.6406
2.57	30.7254
2.575	30.8105
2.58	30.8958
2.585	30.9813
2.59	31.0669
2.595	31.1528
2.6	31.2388
2.605	31.3249
2.61	31.4113
2.615	31.4978
2.62	31.5844
2.625	31.6712
2.63	31.7581
2.635	31.8451
2.64	31.9322
2.645	32.0195
2.65	32.107
2.655	32.1947
2.66	32.2826
2.665	32.3708
2.67	32.4593
2.675	32.5481
2.68	32.6371
2.685	32.7263
2.69	32.8158
2.695	32.9055
2.7	32.9953
2.705	33.0852
2.71	33.1752
2.715	33.2652
2.72	33.355
2.725	33.4446
2.73	33.5339
2.735	33.6229
2.74	33.7117
2.745	33.8003
2.75	33.8887
2.755	33.9771
2.76	34.0654
2.765	34.1536
2.77	34.2416
2.775	34.3294
2.78	34.4169
2.785	34.5042
2.79	34.591
2.795	34.6775
2.8	34.7636
2.805	34.8495
2.81	34.9351
2.815	35.0206
2.82	35.106
2.825	35.1913
2.83	35.2765
2.835	35.3616
2.84	35.4465
2.845	35.5313
2.85	35.6159
2.855	35.7004
2.86	35.7849
2.865	35.8694
2.87	35.9539
2.875	36.0387
2.88	36.1236
2.885	36.2087
2.89	36.294
2.895	36.3797
2.9	36.4655
2.905	36.5517
2.91	36.6383
2.915	36.7252
2.92	36.8124
2.925	36.9
2.93	36.988
2.935	37.0761
2.94	37.1643
2.945	37.2525
2.95	37.3405
2.955	37.4284
2.96	37.5162
2.965	37.6038
2.97	37.6914
2.975	37.7789
2.98	37.8664
2.985	37.9539
2.99	38.0414
2.995	38.129
3	38.2166
3.005	38.3043
3.01	38.3921
3.015	38.4799
3.02	38.5679
3.025	38.6559
3.03	38.7438
3.035	38.8318
3.04	38.9197
3.045	39.0076
3.05	39.0955
3.055	39.1834
3.06	39.2714
3.065	39.3595
3.07	39.4476
3.075	39.5359
3.08	39.6241
3.085	39.7125
3.09	39.8009
3.095	39.8895
3.1	39.9781
3.105	40.0669
3.11	40.1557
3.115	40.2446
3.12	40.3336
3.125	40.4225
3.13	40.5114
3.135	40.6002
3.14	40.6891
3.145	40.7779
3.15	40.8669
3.155	40.9559
3.16	41.045
3.165	41.1343
3.17	41.2238
3.175	41.3134
3.18	41.4032
3.185	41.4931
3.19	41.583
3.195	41.6728
3.2	41.7626
3.205	41.8521
3.21	41.9415
3.215	42.0307
3.22	42.1199
3.225	42.209
3.23	42.2982
3.235	42.3875
3.24	42.4771
3.245	42.567
3.25	42.6572
3.255	42.7477
3.26	42.8385
3.265	42.9295
3.27	43.0206
3.275	43.1119
3.28	43.2033
3.285	43.2947
3.29	43.3861
3.295	43.4776
3.3	43.5691
3.305	43.6606
3.31	43.7521
3.315	43.8438
3.32	43.9355
3.325	44.0273
3.33	44.1193
3.335	44.2114
3.34	44.3037
3.345	44.3962
3.35	44.4888
3.355	44.5816
3.36	44.6745
3.365	44.7677
3.37	44.8611
3.375	44.9547
3.38	45.0485
3.385	45.1424
3.39	45.2365
3.395	45.3307
3.4	45.4251
3.405	45.5195
3.41	45.6141
3.415	45.7087
3.42	45.8034
3.425	45.8981
3.43	45.9929
3.435	46.0878
3.44	46.1826
3.445	46.2774
3.45	46.3721
3.455	46.4667
3.46	46.5613
3.465	46.6558
3.47	46.7505
3.475	46.8451
3.48	46.9398
3.485	47.0345
3.49	47.1292
3.495	47.2239
3.5	47.3185
3.505	47.4131
3.51	47.5075
3.515	47.6019
3.52	47.6963
3.525	47.7907
3.53	47.8852
3.535	47.9799
3.54	48.0749
3.545	48.1703
3.55	48.266
3.555	48.3621
3.56	48.4585
3.565	48.5552
3.57	48.6522
3.575	48.7493
3.58	48.8463
3.585	48.9431
3.59	49.0397
3.595	49.1362
3.6	49.2326
3.605	49.329
3.61	49.4255
3.615	49.5223
3.62	49.6193
3.625	49.7165
3.63	49.8139
3.635	49.9115
3.64	50.0092
3.645	50.107
3.65	50.2049
3.655	50.3028
3.66	50.4008
3.665	50.4988
3.67	50.5968
3.675	50.6948
3.68	50.7927
3.685	50.8906
3.69	50.9885
3.695	51.0863
3.7	51.1842
3.705	51.2822
3.71	51.3804
3.715	51.4789
3.72	51.5776
3.725	51.6766
3.73	51.776
3.735	51.8757
3.74	51.9757
3.745	52.076
3.75	52.1765
3.755	52.2772
3.76	52.378
3.765	52.479
3.77	52.58
3.775	52.6811
3.78	52.7823
3.785	52.8835
3.79	52.9849
3.795	53.0863
3.8	53.1877
3.805	53.2891
3.81	53.3906
3.815	53.492
3.82	53.5935
3.825	53.695
3.83	53.7967
3.835	53.8986
3.84	54.0007
3.845	54.103
3.85	54.2056
3.855	54.3085
3.86	54.4115
3.865	54.5146
3.87	54.6178
3.875	54.7209
3.88	54.8239
3.885	54.9266
3.89	55.0289
3.895	55.1309
3.9	55.2324
3.905	55.3334
3.91	55.4339
3.915	55.5341
3.92	55.6339
3.925	55.7333
3.93	55.8325
3.935	55.9315
3.94	56.0302
3.945	56.1287
3.95	56.2271
3.955	56.3254
3.96	56.4237
3.965	56.5219
3.97	56.6203
3.975	56.7187
3.98	56.8172
3.985	56.9158
3.99	57.0144
3.995	57.1131
4	57.2118
4.005	57.3105
4.01	57.4093
4.015	57.5081
4.02	57.607
4.025	57.7061
4.03	57.8054
4.035	57.905
4.04	58.0048
4.045	58.1048
4.05	58.2049
4.055	58.3051
4.06	58.4053
4.065	58.5054
4.07	58.6054
4.075	58.7052
4.08	58.8049
4.085	58.9046
4.09	59.0042
4.095	59.1039
4.1	59.2035
4.105	59.3032
4.11	59.4028
4.115	59.5023
4.12	59.6017
4.125	59.7012
4.13	59.8006
4.135	59.9
4.14	59.9995
4.145	60.0988
4.15	60.1979
4.155	60.2966
4.16	60.3947
4.165	60.4921
4.17	60.5887
4.175	60.6847
4.18	60.7802
4.185	60.8752
4.19	60.9699
4.195	61.0642
4.2	61.1582
4.205	61.2515
4.21	61.3442
4.215	61.4359
4.22	61.527
4.225	61.6173
4.23	61.7072
4.235	61.7967
4.24	61.8861
4.245	61.9753
4.25	62.0644
4.255	62.1536
4.26	62.2429
4.265	62.3323
4.27	62.422
4.275	62.5118
4.28	62.6019
4.285	62.6923
4.29	62.7829
4.295	62.8739
4.3	62.9653
4.305	63.057
4.31	63.1491
4.315	63.2417
4.32	63.3348
4.325	63.4283
4.33	63.5221
4.335	63.6162
4.34	63.7106
4.345	63.8052
4.35	63.9001
4.355	63.9953
4.36	64.0909
4.365	64.1869
4.37	64.2832
4.375	64.38
4.38	64.4771
4.385	64.5745
4.39	64.6723
4.395	64.7703
4.4	64.8685
4.405	64.9669
4.41	65.0652
4.415	65.1635
4.42	65.2618
4.425	65.3599
4.43	65.458
4.435	65.556
4.44	65.6541
4.445	65.7523
4.45	65.8505
4.455	65.9487
4.46	66.047
4.465	66.1452
4.47	66.2433
4.475	66.3414
4.48	66.4394
4.485	66.5372
4.49	66.635
4.495	66.7329
4.5	66.8307
4.505	66.9287
4.51	67.0269
4.515	67.1253
4.52	67.2239
4.525	67.3228
4.53	67.422
4.535	67.5215
4.54	67.6215
4.545	67.7218
4.55	67.8225
4.555	67.9237
4.56	68.0253
4.565	68.1274
4.57	68.2299
4.575	68.3328
4.58	68.4361
4.585	68.5397
4.59	68.6436
4.595	68.7476
4.6	68.8517
4.605	68.9558
4.61	69.0597
4.615	69.1635
4.62	69.2669
4.625	69.3702
4.63	69.4732
4.635	69.5761
4.64	69.6791
4.645	69.7821
4.65	69.8852
4.655	69.9884
4.66	70.0918
4.665	70.1953
4.67	70.2988
4.675	70.4026
4.68	70.5065
4.685	70.6105
4.69	70.7148
4.695	70.8194
4.7	70.9243
4.705	71.0294
4.71	71.1349
4.715	71.2406
4.72	71.3466
4.725	71.4528
4.73	71.5591
4.735	71.6656
4.74	71.7722
4.745	71.8788
4.75	71.9853
4.755	72.0918
4.76	72.1982
4.765	72.3045
4.77	72.4107
4.775	72.5168
4.78	72.6228
4.785	72.7287
4.79	72.8345
4.795	72.9401
4.8	73.0456
4.805	73.1509
4.81	73.2562
4.815	73.3615
4.82	73.4668
4.825	73.5723
4.83	73.678
4.835	73.7839
4.84	73.8902
4.845	73.9967
4.85	74.1035
4.855	74.2105
4.86	74.3178
4.865	74.4252
4.87	74.5328
4.875	74.6404
4.88	74.7482
4.885	74.856
4.89	74.9639
4.895	75.0719
4.9	75.1801
4.905	75.2884
4.91	75.3969
4.915	75.5056
4.92	75.6146
4.925	75.724
4.93	75.8337
4.935	75.9438
4.94	76.0543
4.945	76.1654
4.95	76.2769
4.955	76.389
4.96	76.5017
4.965	76.615
4.97	76.7288
4.975	76.843
4.98	76.9577
4.985	77.0728
4.99	77.1882
4.995	77.3039
5	77.4198
5.005	77.536
5.01	77.6524
5.015	77.769
5.02	77.8857
5.025	78.0026
5.03	78.1197
5.035	78.2368
5.04	78.3541
5.045	78.4715
5.05	78.5888
5.055	78.7062
5.06	78.8234
5.065	78.9405
5.07	79.0573
5.075	79.1738
5.08	79.2901
5.085	79.4062
5.09	79.5221
5.095	79.6379
5.1	79.7538
5.105	79.8696
5.11	79.9853
5.115	80.1009
5.12	80.2162
5.125	80.3311
5.13	80.4457
5.135	80.5599
5.14	80.6738
5.145	80.7874
5.15	80.9007
5.155	81.0138
5.16	81.1267
5.165	81.2393
5.17	81.3517
5.175	81.4639
5.18	81.5758
5.185	81.6875
5.19	81.799
5.195	81.9103
5.2	82.0214
5.205	82.1324
5.21	82.2434
5.215	82.3545
5.22	82.4658
5.225	82.5774
5.23	82.6893
5.235	82.8014
5.24	82.9139
5.245	83.0266
5.25	83.1395
5.255	83.2525
5.26	83.3654
5.265	83.4782
5.27	83.5907
5.275	83.7028
5.28	83.8145
5.285	83.9257
5.29	84.0365
5.295	84.1469
5.3	84.257
5.305	84.367
5.31	84.4769
5.315	84.5868
5.32	84.6967
5.325	84.8067
5.33	84.9166
5.335	85.0267
5.34	85.1368
5.345	85.2469
5.35	85.3571
5.355	85.4672
5.36	85.5772
5.365	85.687
5.37	85.7966
5.375	85.906
5.38	86.0151
5.385	86.1242
5.39	86.2331
5.395	86.3421
5.4	86.4511
5.405	86.5601
5.41	86.6691
5.415	86.7779
5.42	86.8866
5.425	86.995
5.43	87.1032
5.435	87.2113
5.44	87.3195
5.445	87.4278
5.45	87.5365
5.455	87.6454
5.46	87.7547
5.465	87.8643
5.47	87.9742
5.475	88.0843
5.48	88.1947
5.485	88.3051
5.49	88.4157
5.495	88.5262
5.5	88.6366
5.505	88.747
5.51	88.8574
5.515	88.9678
5.52	89.0782
5.525	89.1887
5.53	89.2994
5.535	89.4101
5.54	89.5208
5.545	89.6316
5.55	89.7423
5.555	89.853
5.56	89.9637
5.565	90.0742
5.57	90.1847
5.575	90.2951
5.58	90.4054
5.585	90.5156
5.59	90.6258
5.595	90.7359
5.6	90.8459
5.605	90.9558
5.61	91.0656
5.615	91.1751
5.62	91.2844
5.625	91.3933
5.63	91.5018
5.635	91.6101
5.64	91.7182
5.645	91.8263
5.65	91.9345
5.655	92.0428
5.66	92.1514
5.665	92.2602
5.67	92.3693
5.675	92.4787
5.68	92.5884
5.685	92.6984
5.69	92.8088
5.695	92.9196
5.7	93.0306
5.705	93.142
5.71	93.2537
5.715	93.3656
5.72	93.4778
5.725	93.5901
5.73	93.7025
5.735	93.8148
5.74	93.9271
5.745	94.0391
5.75	94.1508
5.755	94.262
5.76	94.3728
5.765	94.4832
5.77	94.5932
5.775	94.703
5.78	94.8127
5.785	94.9222
5.79	95.0314
5.795	95.1404
5.8	95.2491
5.805	95.3575
5.81	95.4656
5.815	95.5735
5.82	95.6811
5.825	95.7885
5.83	95.8955
5.835	96.0023
5.84	96.1087
5.845	96.2148
5.85	96.3207
5.855	96.4263
5.86	96.5316
5.865	96.6369
5.87	96.7421
5.875	96.8472
5.88	96.9523
5.885	97.0574
5.89	97.1626
5.895	97.2678
5.9	97.373
5.905	97.4783
5.91	97.5835
5.915	97.6886
5.92	97.7935
5.925	97.8981
5.93	98.0023
5.935	98.1061
5.94	98.2095
5.945	98.3126
5.95	98.4154
5.955	98.518
5.96	98.6205
5.965	98.7229
5.97	98.8254
5.975	98.928
5.98	99.0307
5.985	99.1337
5.99	99.2368
5.995	99.3403
6	99.444
6.005	99.548
6.01	99.6523
6.015	99.7569
6.02	99.8617
6.025	99.9667
6.03	100.072
6.035	100.177
6.04	100.283
6.045	100.388
6.05	100.494
6.055	100.6
6.06	100.706
6.065	100.811
6.07	100.916
6.075	101.02
6.08	101.125
6.085	101.228
6.09	101.331
6.095	101.434
6.1	101.537
6.105	101.639
6.11	101.741
6.115	101.843
6.12	101.945
6.125	102.047
6.13	102.149
6.135	102.25
6.14	102.352
6.145	102.454
6.15	102.555
6.155	102.657
6.16	102.758
6.165	102.859
6.17	102.959
6.175	103.058
6.18	103.158
6.185	103.256
6.19	103.354
6.195	103.452
6.2	103.549
6.205	103.646
6.21	103.744
6.215	103.841
6.22	103.938
6.225	104.036
6.23	104.134
6.235	104.233
6.24	104.332
6.245	104.432
6.25	104.532
6.255	104.633
6.26	104.734
6.265	104.836
6.27	104.938
6.275	105.04
6.28	105.142
6.285	105.245
6.29	105.348
6.295	105.451
6.3	105.554
6.305	105.657
6.31	105.76
6.315	105.864
6.32	105.968
6.325	106.072
6.33	106.176
6.335	106.281
6.34	106.386
6.345	106.491
6.35	106.596
6.355	106.702
6.36	106.807
6.365	106.913
6.37	107.019
6.375	107.124
6.38	107.23
6.385	107.335
6.39	107.44
6.395	107.544
6.4	107.648
6.405	107.752
6.41	107.855
6.415	107.958
6.42	108.06
6.425	108.163
6.43	108.266
6.435	108.37
6.44	108.473
6.445	108.577
6.45	108.68
6.455	108.785
6.46	108.889
6.465	108.993
6.47	109.098
6.475	109.203
6.48	109.307
6.485	109.412
6.49	109.516
6.495	109.621
6.5	109.726
6.505	109.83
6.51	109.936
6.515	110.041
6.52	110.147
6.525	110.254
6.53	110.361
6.535	110.468
6.54	110.576
6.545	110.684
6.55	110.793
6.555	110.902
6.56	111.011
6.565	111.12
6.57	111.23
6.575	111.339
6.58	111.45
6.585	111.56
6.59	111.67
6.595	111.781
6.6	111.892
6.605	112.002
6.61	112.112
6.615	112.222
6.62	112.332
6.625	112.442
6.63	112.551
6.635	112.66
6.64	112.77
6.645	112.879
6.65	112.989
6.655	113.099
6.66	113.209
6.665	113.32
6.67	113.431
6.675	113.542
6.68	113.653
6.685	113.765
6.69	113.877
6.695	113.988
6.7	114.1
6.705	114.211
6.71	114.322
6.715	114.433
6.72	114.543
6.725	114.653
6.73	114.763
6.735	114.872
6.74	114.981
6.745	115.089
6.75	115.197
6.755	115.305
6.76	115.413
6.765	115.52
6.77	115.627
6.775	115.734
6.78	115.841
6.785	115.948
6.79	116.054
6.795	116.161
6.8	116.268
6.805	116.375
6.81	116.482
6.815	116.588
6.82	116.694
6.825	116.799
6.83	116.904
6.835	117.008
6.84	117.112
6.845	117.216
6.85	117.319
6.855	117.422
6.86	117.524
6.865	117.627
6.87	117.73
6.875	117.833
6.88	117.936
6.885	118.039
6.89	118.143
6.895	118.247
6.9	118.352
6.905	118.457
6.91	118.562
6.915	118.668
6.92	118.773
6.925	118.879
6.93	118.985
6.935	119.091
6.94	119.197
6.945	119.303
6.95	119.409
6.955	119.515
6.96	119.621
6.965	119.727
6.97	119.833
6.975	119.938
6.98	120.044
6.985	120.15
6.99	120.255
6.995	120.361
7	120.467
7.005	120.573
7.01	120.679
7.015	120.785
7.02	120.891
7.025	120.998
7.03	121.104
7.035	121.211
7.04	121.318
7.045	121.426
7.05	121.533
7.055	121.642
7.06	121.75
7.065	121.859
7.07	121.968
7.075	122.077
7.08	122.186
7.085	122.296
7.09	122.406
7.095	122.515
7.1	122.625
7.105	122.735
7.11	122.844
7.115	122.954
7.12	123.063
7.125	123.173
7.13	123.282
7.135	123.392
7.14	123.502
7.145	123.611
7.15	123.721
7.155	123.831
7.16	123.94
7.165	124.049
7.17	124.158
7.175	124.266
7.18	124.374
7.185	124.481
7.19	124.588
7.195	124.694
7.2	124.8
7.205	124.906
7.21	125.011
7.215	125.117
7.22	125.222
7.225	125.327
7.23	125.433
7.235	125.538
7.24	125.643
7.245	125.749
7.25	125.854
7.255	125.959
7.26	126.064
7.265	126.168
7.27	126.273
7.275	126.377
7.28	126.481
7.285	126.584
7.29	126.688
7.295	126.791
7.3	126.895
7.305	126.998
7.31	127.101
7.315	127.204
7.32	127.307
7.325	127.41
7.33	127.512
7.335	127.614
7.34	127.715
7.345	127.816
7.35	127.916
7.355	128.016
7.36	128.116
7.365	128.216
7.37	128.316
7.375	128.417
7.38	128.517
7.385	128.617
7.39	128.718
7.395	128.819
7.4	128.919
7.405	129.02
7.41	129.122
7.415	129.223
7.42	129.324
7.425	129.426
7.43	129.527
7.435	129.629
7.44	129.731
7.445	129.833
7.45	129.935
7.455	130.037
7.46	130.14
7.465	130.242
7.47	130.345
7.475	130.448
7.48	130.551
7.485	130.654
7.49	130.757
7.495	130.86
7.5	130.964
7.505	131.068
7.51	131.172
7.515	131.276
7.52	131.381
7.525	131.485
7.53	131.59
7.535	131.695
7.54	131.8
7.545	131.906
7.55	132.013
7.555	132.12
7.56	132.227
7.565	132.335
7.57	132.444
7.575	132.553
7.58	132.662
7.585	132.772
7.59	132.882
7.595	132.993
7.6	133.104
7.605	133.214
7.61	133.325
7.615	133.435
7.62	133.545
7.625	133.654
7.63	133.763
7.635	133.871
7.64	133.979
7.645	134.086
7.65	134.194
7.655	134.301
7.66	134.409
7.665	134.516
7.67	134.624
7.675	134.732
7.68	134.839
7.685	134.947
7.69	135.055
7.695	135.163
7.7	135.271
7.705	135.379
7.71	135.488
7.715	135.596
7.72	135.705
7.725	135.815
7.73	135.924
7.735	136.035
7.74	136.145
7.745	136.256
7.75	136.367
7.755	136.479
7.76	136.59
7.765	136.702
7.77	136.814
7.775	136.926
7.78	137.038
7.785	137.15
7.79	137.263
7.795	137.375
7.8	137.488
7.805	137.601
7.81	137.713
7.815	137.826
7.82	137.938
7.825	138.049
7.83	138.16
7.835	138.271
7.84	138.382
7.845	138.492
7.85	138.602
7.855	138.711
7.86	138.821
7.865	138.931
7.87	139.04
7.875	139.149
7.88	139.257
7.885	139.365
7.89	139.473
7.895	139.581
7.9	139.688
7.905	139.795
7.91	139.902
7.915	140.008
7.92	140.114
7.925	140.22
7.93	140.325
7.935	140.43
7.94	140.535
7.945	140.64
7.95	140.746
7.955	140.851
7.96	140.957
7.965	141.063
7.97	141.169
7.975	141.276
7.98	141.383
7.985	141.49
7.99	141.598
7.995	141.706
8	141.814
8.005	141.923
8.01	142.032
8.015	142.141
8.02	142.251
8.025	142.362
8.03	142.473
8.035	142.584
8.04	142.697
8.045	142.809
8.05	142.922
8.055	143.036
8.06	143.149
8.065	143.263
8.07	143.375
8.075	143.488
8.08	143.599
8.085	143.71
8.09	143.821
8.095	143.931
8.1	144.04
8.105	144.148
8.11	144.256
8.115	144.363
8.12	144.47
8.125	144.577
8.13	144.684
8.135	144.791
8.14	144.898
8.145	145.005
8.15	145.113
8.155	145.22
8.16	145.327
8.165	145.434
8.17	145.541
8.175	145.649
8.18	145.757
8.185	145.866
8.19	145.975
8.195	146.085
8.2	146.195
8.205	146.306
8.21	146.417
8.215	146.528
8.22	146.64
8.225	146.752
8.23	146.864
8.235	146.976
8.24	147.088
8.245	147.2
8.25	147.312
8.255	147.424
8.26	147.536
8.265	147.649
8.27	147.762
8.275	147.876
8.28	147.989
8.285	148.103
8.29	148.216
8.295	148.329
8.3	148.441
8.305	148.553
8.31	148.664
8.315	148.775
8.32	148.884
8.325	148.994
8.33	149.102
8.335	149.211
8.34	149.32
8.345	149.428
8.35	149.537
8.355	149.647
8.36	149.756
8.365	149.866
8.37	149.976
8.375	150.086
8.38	150.197
8.385	150.307
8.39	150.416
8.395	150.526
8.4	150.634
8.405	150.743
8.41	150.85
8.415	150.958
8.42	151.065
8.425	151.172
8.43	151.279
8.435	151.387
8.44	151.494
8.445	151.601
8.45	151.709
8.455	151.817
8.46	151.924
8.465	152.032
8.47	152.14
8.475	152.248
8.48	152.356
8.485	152.465
8.49	152.574
8.495	152.684
8.5	152.794
8.505	152.905
8.51	153.016
8.515	153.128
8.52	153.241
8.525	153.354
8.53	153.467
8.535	153.581
8.54	153.695
8.545	153.809
8.55	153.923
8.555	154.038
8.56	154.152
8.565	154.266
8.57	154.379
8.575	154.493
8.58	154.605
8.585	154.718
8.59	154.83
8.595	154.942
8.6	155.054
8.605	155.167
8.61	155.28
8.615	155.393
8.62	155.506
8.625	155.621
8.63	155.735
8.635	155.85
8.64	155.965
8.645	156.081
8.65	156.197
8.655	156.312
8.66	156.427
8.665	156.542
8.67	156.656
8.675	156.77
8.68	156.884
8.685	156.997
8.69	157.111
8.695	157.225
8.7	157.339
8.705	157.454
8.71	157.569
8.715	157.685
8.72	157.8
8.725	157.917
8.73	158.033
8.735	158.15
8.74	158.266
8.745	158.383
8.75	158.5
8.755	158.616
8.76	158.732
8.765	158.848
8.77	158.963
8.775	159.078
8.78	159.192
8.785	159.306
8.79	159.42
8.795	159.533
8.8	159.647
8.805	159.76
8.81	159.873
8.815	159.986
8.82	160.099
8.825	160.211
8.83	160.324
8.835	160.437
8.84	160.549
8.845	160.662
8.85	160.775
8.855	160.888
8.86	161.001
8.865	161.115
8.87	161.229
8.875	161.343
8.88	161.458
8.885	161.573
8.89	161.689
8.895	161.805
8.9	161.921
8.905	162.038
8.91	162.154
8.915	162.271
8.92	162.388
8.925	162.506
8.93	162.623
8.935	162.74
8.94	162.857
8.945	162.974
8.95	163.091
8.955	163.208
8.96	163.323
8.965	163.439
8.97	163.554
8.975	163.668
8.98	163.782
8.985	163.895
8.99	164.008
8.995	164.121
9	164.234
9.005	164.346
9.01	164.459
9.015	164.572
9.02	164.685
9.025	164.799
9.03	164.912
9.035	165.026
9.04	165.14
9.045	165.254
9.05	165.367
9.055	165.482
9.06	165.596
9.065	165.71
9.07	165.825
9.075	165.94
9.08	166.055
9.085	166.17
9.09	166.286
9.095	166.402
9.1	166.518
9.105	166.634
9.11	166.75
9.115	166.867
9.12	166.983
9.125	167.1
9.13	167.216
9.135	167.333
9.14	167.45
9.145	167.567
9.15	167.685
9.155	167.802
9.16	167.92
9.165	168.038
9.17	168.156
9.175	168.275
9.18	168.393
9.185	168.511
9.19	168.63
9.195	168.748
9.2	168.866
9.205	168.984
9.21	169.102
9.215	169.22
9.22	169.337
9.225	169.455
9.23	169.571
9.235	169.688
9.24	169.804
9.245	169.919
9.25	170.035
9.255	170.15
9.26	170.264
9.265	170.379
9.27	170.494
9.275	170.608
9.28	170.723
9.285	170.837
9.29	170.952
9.295	171.066
9.3	171.18
9.305	171.293
9.31	171.406
9.315	171.519
9.32	171.631
9.325	171.743
9.33	171.855
9.335	171.967
9.34	172.078
9.345	172.19
9.35	172.301
9.355	172.411
9.36	172.522
9.365	172.632
9.37	172.742
9.375	172.853
9.38	172.963
9.385	173.074
9.39	173.185
9.395	173.297
9.4	173.409
9.405	173.522
9.41	173.635
9.415	173.749
9.42	173.863
9.425	173.978
9.43	174.093
9.435	174.208
9.44	174.324
9.445	174.439
9.45	174.555
9.455	174.671
9.46	174.787
9.465	174.903
9.47	175.019
9.475	175.136
9.48	175.252
9.485	175.369
9.49	175.486
9.495	175.603
9.5	175.72
9.505	175.838
9.51	175.956
9.515	176.073
9.52	176.191
9.525	176.309
9.53	176.426
9.535	176.543
9.54	176.659
9.545	176.775
9.55	176.89
9.555	177.004
9.56	177.118
9.565	177.231
9.57	177.343
9.575	177.454
9.58	177.564
9.585	177.674
9.59	177.783
9.595	177.891
9.6	177.999
9.605	178.107
9.61	178.215
9.615	178.322
9.62	178.429
9.625	178.536
9.63	178.643
9.635	178.75
9.64	178.857
9.645	178.965
9.65	179.073
9.655	179.181
9.66	179.289
9.665	179.397
9.67	179.506
9.675	179.614
9.68	179.723
9.685	179.833
9.69	179.943
9.695	180.053
9.7	180.163
9.705	180.274
9.71	180.386
9.715	180.498
9.72	180.61
9.725	180.723
9.73	180.836
9.735	180.95
9.74	181.064
9.745	181.177
9.75	181.292
9.755	181.406
9.76	181.519
9.765	181.633
9.77	181.747
9.775	181.86
9.78	181.973
9.785	182.086
9.79	182.199
9.795	182.313
9.8	182.426
9.805	182.54
9.81	182.653
9.815	182.767
9.82	182.881
9.825	182.994
9.83	183.108
9.835	183.221
9.84	183.335
9.845	183.448
9.85	183.561
9.855	183.673
9.86	183.786
9.865	183.898
9.87	184.011
9.875	184.123
9.88	184.236
9.885	184.349
9.89	184.462
9.895	184.575
9.9	184.689
9.905	184.803
9.91	184.917
9.915	185.032
9.92	185.146
9.925	185.262
9.93	185.377
9.935	185.492
9.94	185.608
9.945	185.723
9.95	185.839
9.955	185.954
9.96	186.07
9.965	186.186
9.97	186.301
9.975	186.417
9.98	186.532
9.985	186.647
9.99	186.762
9.995	186.877
10	186.991
10.005	187.105
10.01	187.219
10.015	187.334
10.02	187.448
10.025	187.563
10.03	187.678
10.035	187.794
10.04	187.91
10.045	188.026
10.05	188.143
10.055	188.26
10.06	188.377
10.065	188.494
10.07	188.612
10.075	188.729
10.08	188.847
10.085	188.964
10.09	189.082
10.095	189.2
10.1	189.318
10.105	189.437
10.11	189.555
10.115	189.673
10.12	189.791
10.125	189.909
10.13	190.026
10.135	190.142
10.14	190.257
10.145	190.371
10.15	190.484
10.155	190.596
10.16	190.707
10.165	190.817
10.17	190.926
10.175	191.035
10.18	191.143
10.185	191.251
10.19	191.359
10.195	191.468
10.2	191.576
10.205	191.686
10.21	191.795
10.215	191.905
10.22	192.016
10.225	192.127
10.23	192.239
10.235	192.351
10.24	192.463
10.245	192.576
10.25	192.689
10.255	192.802
10.26	192.916
10.265	193.03
10.27	193.144
10.275	193.258
10.28	193.373
10.285	193.488
10.29	193.603
10.295	193.719
10.3	193.835
10.305	193.951
10.31	194.067
10.315	194.183
10.32	194.299
10.325	194.416
10.33	194.532
10.335	194.648
10.34	194.764
10.345	194.88
10.35	194.996
10.355	195.112
10.36	195.228
10.365	195.344
10.37	195.459
10.375	195.576
10.38	195.692
10.385	195.809
10.39	195.925
10.395	196.042
10.4	196.16
10.405	196.277
10.41	196.395
10.415	196.513
10.42	196.631
10.425	196.75
10.43	196.869
10.435	196.988
10.44	197.108
10.445	197.227
10.45	197.347
10.455	197.468
10.46	197.588
10.465	197.708
10.47	197.828
10.475	197.947
10.48	198.066
10.485	198.185
10.49	198.304
10.495	198.423
10.5	198.542
10.505	198.661
10.51	198.78
10.515	198.899
10.52	199.019
10.525	199.138
10.53	199.258
10.535	199.377
10.54	199.497
10.545	199.617
10.55	199.736
10.555	199.856
10.56	199.976
10.565	200.095
10.57	200.214
10.575	200.332
10.58	200.45
10.585	200.568
10.59	200.685
10.595	200.803
10.6	200.921
10.605	201.039
10.61	201.158
10.615	201.276
10.62	201.395
10.625	201.515
10.63	201.635
10.635	201.755
10.64	201.876
10.645	201.997
10.65	202.118
10.655	202.24
10.66	202.362
10.665	202.484
10.67	202.607
10.675	202.729
10.68	202.852
10.685	202.975
10.69	203.097
10.695	203.22
10.7	203.343
10.705	203.467
10.71	203.59
10.715	203.714
10.72	203.838
10.725	203.963
10.73	204.088
10.735	204.214
10.74	204.34
10.745	204.466
10.75	204.593
10.755	204.72
10.76	204.848
10.765	204.975
10.77	205.102
10.775	205.228
10.78	205.354
10.785	205.48
10.79	205.605
10.795	205.729
10.8	205.853
10.805	205.976
10.81	206.098
10.815	206.221
10.82	206.342
10.825	206.464
10.83	206.584
10.835	206.704
10.84	206.824
10.845	206.943
10.85	207.061
10.855	207.179
10.86	207.297
10.865	207.414
10.87	207.531
10.875	207.647
10.88	207.763
10.885	207.88
10.89	207.996
10.895	208.112
10.9	208.229
10.905	208.345
10.91	208.462
10.915	208.579
10.92	208.697
10.925	208.815
10.93	208.933
10.935	209.052
10.94	209.172
10.945	209.292
10.95	209.413
10.955	209.535
10.96	209.656
10.965	209.779
10.97	209.901
10.975	210.024
10.98	210.148
10.985	210.271
10.99	210.395
10.995	210.519
11	210.644
11.005	210.768
11.01	210.892
11.015	211.016
11.02	211.14
11.025	211.264
11.03	211.388
11.035	211.511
11.04	211.634
11.045	211.757
11.05	211.879
11.055	212.001
11.06	212.122
11.065	212.243
11.07	212.363
11.075	212.483
11.08	212.603
11.085	212.722
11.09	212.841
11.095	212.96
11.1	213.079
11.105	213.197
11.11	213.315
11.115	213.433
11.12	213.55
11.125	213.667
11.13	213.785
11.135	213.902
11.14	214.018
11.145	214.135
11.15	214.251
11.155	214.368
11.16	214.483
11.165	214.599
11.17	214.714
11.175	214.829
11.18	214.944
11.185	215.058
11.19	215.172
11.195	215.286
11.2	215.398
11.205	215.511
11.21	215.623
11.215	215.734
11.22	215.845
11.225	215.956
11.23	216.065
11.235	216.174
11.24	216.281
11.245	216.387
11.25	216.492
11.255	216.595
11.26	216.697
11.265	216.798
11.27	216.898
11.275	216.997
11.28	217.095
11.285	217.193
11.29	217.292
11.295	217.39
11.3	217.489
11.305	217.588
11.31	217.688
11.315	217.788
11.32	217.889
11.325	217.991
11.33	218.093
11.335	218.195
11.34	218.299
11.345	218.402
11.35	218.506
11.355	218.611
11.36	218.716
11.365	218.821
11.37	218.927
11.375	219.033
11.38	219.138
11.385	219.244
11.39	219.348
11.395	219.452
11.4	219.555
11.405	219.657
11.41	219.757
11.415	219.855
11.42	219.953
11.425	220.049
11.43	220.144
11.435	220.239
11.44	220.333
11.445	220.427
11.45	220.52
11.455	220.613
11.46	220.705
11.465	220.797
11.47	220.889
11.475	220.981
11.48	221.072
11.485	221.164
11.49	221.256
11.495	221.347
11.5	221.439
11.505	221.531
11.51	221.623
11.515	221.714
11.52	221.806
11.525	221.899
11.53	221.991
11.535	222.084
11.54	222.177
11.545	222.27
11.55	222.364
11.555	222.458
11.56	222.553
11.565	222.649
11.57	222.745
11.575	222.842
11.58	222.939
11.585	223.038
11.59	223.137
11.595	223.236
11.6	223.336
11.605	223.436
11.61	223.536
11.615	223.637
11.62	223.736
11.625	223.836
11.63	223.935
11.635	224.034
11.64	224.132
11.645	224.229
11.65	224.326
11.655	224.423
11.66	224.519
11.665	224.614
11.67	224.709
11.675	224.804
11.68	224.898
11.685	224.991
11.69	225.084
11.695	225.176
11.7	225.268
11.705	225.36
11.71	225.451
11.715	225.542
11.72	225.633
11.725	225.724
11.73	225.815
11.735	225.905
11.74	225.995
11.745	226.086
11.75	226.176
11.755	226.266
11.76	226.356
11.765	226.447
11.77	226.538
11.775	226.629
11.78	226.72
11.785	226.811
11.79	226.903
11.795	226.995
11.8	227.088
11.805	227.181
11.81	227.274
11.815	227.368
11.82	227.462
11.825	227.556
11.83	227.651
11.835	227.745
11.84	227.84
11.845	227.935
11.85	228.03
11.855	228.125
11.86	228.22
11.865	228.314
11.87	228.409
11.875	228.504
11.88	228.6
11.885	228.695
11.89	228.791
11.895	228.888
11.9	228.985
11.905	229.082
11.91	229.18
11.915	229.279
11.92	229.378
11.925	229.477
11.93	229.577
11.935	229.677
11.94	229.777
11.945	229.878
11.95	229.979
11.955	230.08
11.96	230.181
11.965	230.283
11.97	230.385
11.975	230.487
11.98	230.589
11.985	230.692
11.99	230.795
11.995	230.898
12	231.002
12.005	231.105
12.01	231.209
12.015	231.312
12.02	231.416
12.025	231.52
12.03	231.623
12.035	231.726
12.04	231.829
12.045	231.932
12.05	232.034
12.055	232.136
12.06	232.238
12.065	232.338
12.07	232.438
12.075	232.537
12.08	232.635
12.085	232.733
12.09	232.83
12.095	232.926
12.1	233.022
12.105	233.118
12.11	233.214
12.115	233.31
12.12	233.406
12.125	233.501
12.13	233.597
12.135	233.693
12.14	233.789
12.145	233.886
12.15	233.982
12.155	234.079
12.16	234.176
12.165	234.273
12.17	234.371
12.175	234.468
12.18	234.565
12.185	234.662
12.19	234.76
12.195	234.857
12.2	234.953
12.205	235.049
12.21	235.145
12.215	235.239
12.22	235.333
12.225	235.427
12.23	235.521
12.235	235.614
12.24	235.708
12.245	235.802
12.25	235.896
12.255	235.99
12.26	236.083
12.265	236.177
12.27	236.27
12.275	236.362
12.28	236.455
12.285	236.547
12.29	236.639
12.295	236.731
12.3	236.823
12.305	236.915
12.31	237.006
12.315	237.098
12.32	237.189
12.325	237.28
12.33	237.371
12.335	237.461
12.34	237.551
12.345	237.641
12.35	237.73
12.355	237.82
12.36	237.909
12.365	237.998
12.37	238.086
12.375	238.175
12.38	238.263
12.385	238.351
12.39	238.44
12.395	238.529
12.4	238.617
12.405	238.707
12.41	238.796
12.415	238.886
12.42	238.977
12.425	239.067
12.43	239.158
12.435	239.25
12.44	239.341
12.445	239.432
12.45	239.524
12.455	239.615
12.46	239.707
12.465	239.799
12.47	239.891
12.475	239.983
12.48	240.075
12.485	240.167
12.49	240.259
12.495	240.352
12.5	240.444
12.505	240.536
12.51	240.629
12.515	240.721
12.52	240.813
12.525	240.904
12.53	240.996
12.535	241.087
12.54	241.178
12.545	241.269
12.55	241.36
12.555	241.452
12.56	241.543
12.565	241.634
12.57	241.726
12.575	241.817
12.58	241.909
12.585	242
12.59	242.092
12.595	242.183
12.6	242.275
12.605	242.367
12.61	242.459
12.615	242.55
12.62	242.642
12.625	242.734
12.63	242.826
12.635	242.918
12.64	243.009
12.645	243.101
12.65	243.192
12.655	243.283
12.66	243.374
12.665	243.466
12.67	243.558
12.675	243.65
12.68	243.743
12.685	243.836
12.69	243.93
12.695	244.025
12.7	244.121
12.705	244.217
12.71	244.314
12.715	244.411
12.72	244.508
12.725	244.606
12.73	244.705
12.735	244.803
12.74	244.902
12.745	245.001
12.75	245.1
12.755	245.199
12.76	245.299
12.765	245.398
12.77	245.498
12.775	245.597
12.78	245.696
12.785	245.794
12.79	245.892
12.795	245.989
12.8	246.086
12.805	246.181
12.81	246.276
12.815	246.37
12.82	246.463
12.825	246.555
12.83	246.647
12.835	246.739
12.84	246.83
12.845	246.92
12.85	247.01
12.855	247.099
12.86	247.188
12.865	247.276
12.87	247.363
12.875	247.449
12.88	247.534
12.885	247.618
12.89	247.701
12.895	247.782
12.9	247.863
12.905	247.942
12.91	248.021
12.915	248.1
12.92	248.179
12.925	248.257
12.93	248.336
12.935	248.416
12.94	248.496
12.945	248.576
12.95	248.656
12.955	248.738
12.96	248.819
12.965	248.901
12.97	248.983
12.975	249.066
12.98	249.149
12.985	249.232
12.99	249.315
12.995	249.399
13	249.482
13.005	249.566
13.01	249.649
13.015	249.732
13.02	249.816
13.025	249.899
13.03	249.981
13.035	250.064
13.04	250.146
13.045	250.228
13.05	250.31
13.055	250.392
13.06	250.474
13.065	250.555
13.07	250.637
13.075	250.719
13.08	250.8
13.085	250.881
13.09	250.962
13.095	251.043
13.1	251.123
13.105	251.204
13.11	251.285
13.115	251.366
13.12	251.447
13.125	251.528
13.13	251.609
13.135	251.689
13.14	251.77
13.145	251.85
13.15	251.93
13.155	252.01
13.16	252.089
13.165	252.168
13.17	252.248
13.175	252.327
13.18	252.405
13.185	252.484
13.19	252.563
13.195	252.641
13.2	252.72
13.205	252.799
13.21	252.877
13.215	252.956
13.22	253.034
13.225	253.113
13.23	253.192
13.235	253.272
13.24	253.351
13.245	253.431
13.25	253.511
13.255	253.591
13.26	253.672
13.265	253.754
13.27	253.836
13.275	253.919
13.28	254.003
13.285	254.087
13.29	254.172
13.295	254.258
13.3	254.345
13.305	254.432
13.31	254.521
13.315	254.61
13.32	254.699
13.325	254.79
13.33	254.881
13.335	254.973
13.34	255.065
13.345	255.158
13.35	255.251
13.355	255.345
13.36	255.438
13.365	255.532
13.37	255.626
13.375	255.721
13.38	255.815
13.385	255.909
13.39	256.004
13.395	256.098
13.4	256.191
13.405	256.285
13.41	256.378
13.415	256.471
13.42	256.563
13.425	256.655
13.43	256.746
13.435	256.838
13.44	256.929
13.445	257.021
13.45	257.112
13.455	257.203
13.46	257.294
13.465	257.386
13.47	257.477
13.475	257.568
13.48	257.659
13.485	257.751
13.49	257.842
13.495	257.934
13.5	258.026
13.505	258.118
13.51	258.21
13.515	258.303
13.52	258.396
13.525	258.49
13.53	258.584
13.535	258.678
13.54	258.773
13.545	258.869
13.55	258.965
13.555	259.062
13.56	259.159
13.565	259.256
13.57	259.354
13.575	259.453
13.58	259.552
13.585	259.652
13.59	259.752
13.595	259.854
13.6	259.956
13.605	260.059
13.61	260.163
13.615	260.268
13.62	260.373
13.625	260.479
13.63	260.586
13.635	260.694
13.64	260.802
13.645	260.911
13.65	261.021
13.655	261.131
13.66	261.241
13.665	261.352
13.67	261.463
13.675	261.574
13.68	261.686
13.685	261.798
13.69	261.91
13.695	262.022
13.7	262.135
13.705	262.247
13.71	262.36
13.715	262.473
13.72	262.586
13.725	262.699
13.73	262.812
13.735	262.926
13.74	263.039
13.745	263.153
13.75	263.267
13.755	263.381
13.76	263.495
13.765	263.609
13.77	263.723
13.775	263.837
13.78	263.951
13.785	264.064
13.79	264.177
13.795	264.29
13.8	264.403
13.805	264.516
13.81	264.629
13.815	264.742
13.82	264.855
13.825	264.967
13.83	265.078
13.835	265.19
13.84	265.301
13.845	265.411
13.85	265.522
13.855	265.633
13.86	265.743
13.865	265.854
13.87	265.965
13.875	266.075
13.88	266.186
13.885	266.297
13.89	266.407
13.895	266.517
13.9	266.627
13.905	266.737
13.91	266.846
13.915	266.954
13.92	267.062
13.925	267.169
13.93	267.275
13.935	267.382
13.94	267.489
13.945	267.595
13.95	267.702
13.955	267.808
13.96	267.914
13.965	268.02
13.97	268.126
13.975	268.232
13.98	268.338
13.985	268.444
13.99	268.55
13.995	268.656
14	268.763
14.005	268.869
14.01	268.976
14.015	269.083
14.02	269.191
14.025	269.299
14.03	269.407
14.035	269.516
14.04	269.626
14.045	269.736
14.05	269.847
14.055	269.958
14.06	270.071
14.065	270.183
14.07	270.297
14.075	270.411
14.08	270.526
14.085	270.642
14.09	270.759
14.095	270.877
14.1	270.996
14.105	271.115
14.11	271.236
14.115	271.357
14.12	271.479
14.125	271.601
14.13	271.724
14.135	271.847
14.14	271.971
14.145	272.094
14.15	272.218
14.155	272.342
14.16	272.466
14.165	272.59
14.17	272.714
14.175	272.838
14.18	272.962
14.185	273.086
14.19	273.209
14.195	273.332
14.2	273.455
14.205	273.578
14.21	273.7
14.215	273.821
14.22	273.942
14.225	274.061
14.23	274.178
14.235	274.294
14.24	274.409
14.245	274.522
14.25	274.635
14.255	274.747
14.26	274.859
14.265	274.971
14.27	275.082
14.275	275.193
14.28	275.303
14.285	275.414
14.29	275.523
14.295	275.633
14.3	275.742
14.305	275.85
14.31	275.959
14.315	276.067
14.32	276.175
14.325	276.283
14.33	276.391
14.335	276.499
14.34	276.607
14.345	276.716
14.35	276.824
14.355	276.932
14.36	277.04
14.365	277.148
14.37	277.255
14.375	277.362
14.38	277.469
14.385	277.576
14.39	277.682
14.395	277.787
14.4	277.893
14.405	277.998
14.41	278.103
14.415	278.207
14.42	278.312
14.425	278.417
14.43	278.522
14.435	278.627
14.44	278.731
14.445	278.836
14.45	278.941
14.455	279.046
14.46	279.152
14.465	279.257
14.47	279.363
14.475	279.47
14.48	279.577
14.485	279.684
14.49	279.792
14.495	279.9
14.5	280.009
14.505	280.118
14.51	280.227
14.515	280.337
14.52	280.447
14.525	280.558
14.53	280.669
14.535	280.78
14.54	280.891
14.545	281.003
14.55	281.114
14.555	281.225
14.56	281.336
14.565	281.447
14.57	281.558
14.575	281.669
14.58	281.78
14.585	281.89
14.59	282.001
14.595	282.11
14.6	282.219
14.605	282.328
14.61	282.435
14.615	282.542
14.62	282.648
14.625	282.754
14.63	282.858
14.635	282.963
14.64	283.066
14.645	283.169
14.65	283.271
14.655	283.373
14.66	283.473
14.665	283.574
14.67	283.674
14.675	283.773
14.68	283.873
14.685	283.972
14.69	284.071
14.695	284.17
14.7	284.269
14.705	284.367
14.71	284.464
14.715	284.561
14.72	284.656
14.725	284.75
14.73	284.842
14.735	284.934
14.74	285.025
14.745	285.115
14.75	285.205
14.755	285.294
14.76	285.382
14.765	285.47
14.77	285.558
14.775	285.646
14.78	285.734
14.785	285.822
14.79	285.911
14.795	285.999
14.8	286.088
14.805	286.177
14.81	286.265
14.815	286.353
14.82	286.441
14.825	286.528
14.83	286.615
14.835	286.701
14.84	286.786
14.845	286.871
14.85	286.955
14.855	287.039
14.86	287.122
14.865	287.206
14.87	287.29
14.875	287.374
14.88	287.459
14.885	287.544
14.89	287.629
14.895	287.714
14.9	287.8
14.905	287.886
14.91	287.972
14.915	288.058
14.92	288.145
14.925	288.232
14.93	288.319
14.935	288.407
14.94	288.495
14.945	288.582
14.95	288.67
14.955	288.758
14.96	288.846
14.965	288.933
14.97	289.021
14.975	289.108
14.98	289.194
14.985	289.281
14.99	289.368
14.995	289.455
15	289.542
15.005	289.629
15.01	289.717
15.015	289.806
15.02	289.895
15.025	289.985
15.03	290.075
15.035	290.167
15.04	290.26
15.045	290.353
15.05	290.447
15.055	290.543
15.06	290.639
15.065	290.736
15.07	290.833
15.075	290.931
15.08	291.03
15.085	291.129
15.09	291.227
15.095	291.326
15.1	291.425
15.105	291.524
15.11	291.623
15.115	291.722
15.12	291.82
15.125	291.918
15.13	292.016
15.135	292.114
15.14	292.211
15.145	292.308
15.15	292.404
15.155	292.501
15.16	292.597
15.165	292.693
15.17	292.789
15.175	292.885
15.18	292.982
15.185	293.078
15.19	293.176
15.195	293.273
15.2	293.371
15.205	293.469
15.21	293.566
15.215	293.664
15.22	293.762
15.225	293.859
15.23	293.956
15.235	294.052
15.24	294.147
15.245	294.242
15.25	294.337
15.255	294.432
15.26	294.527
15.265	294.621
15.27	294.716
15.275	294.811
15.28	294.907
15.285	295.002
15.29	295.098
15.295	295.194
15.3	295.291
15.305	295.388
15.31	295.485
15.315	295.583
15.32	295.68
15.325	295.776
15.33	295.872
15.335	295.967
15.34	296.062
15.345	296.156
15.35	296.25
15.355	296.343
15.36	296.436
15.365	296.53
15.37	296.623
15.375	296.717
15.38	296.811
15.385	296.905
15.39	297
15.395	297.095
15.4	297.19
15.405	297.286
15.41	297.383
15.415	297.48
15.42	297.577
15.425	297.674
15.43	297.772
15.435	297.87
15.44	297.967
15.445	298.065
15.45	298.162
15.455	298.259
15.46	298.356
15.465	298.453
15.47	298.549
15.475	298.645
15.48	298.739
15.485	298.834
15.49	298.927
15.495	299.02
15.5	299.113
15.505	299.205
15.51	299.297
15.515	299.388
15.52	299.479
15.525	299.57
15.53	299.661
15.535	299.75
15.54	299.84
15.545	299.928
15.55	300.016
15.555	300.104
15.56	300.192
15.565	300.279
15.57	300.366
15.575	300.452
15.58	300.538
15.585	300.623
15.59	300.708
15.595	300.792
15.6	300.875
15.605	300.957
15.61	301.038
15.615	301.119
15.62	301.2
15.625	301.28
15.63	301.36
15.635	301.441
15.64	301.521
15.645	301.603
15.65	301.684
15.655	301.767
15.66	301.85
15.665	301.934
15.67	302.018
15.675	302.104
15.68	302.19
15.685	302.276
15.69	302.364
15.695	302.452
15.7	302.54
15.705	302.628
15.71	302.717
15.715	302.805
15.72	302.893
15.725	302.981
15.73	303.069
15.735	303.157
15.74	303.244
15.745	303.332
15.75	303.42
15.755	303.507
15.76	303.595
15.765	303.683
15.77	303.771
15.775	303.859
15.78	303.946
15.785	304.033
15.79	304.119
15.795	304.205
15.8	304.289
15.805	304.372
15.81	304.454
15.815	304.536
15.82	304.617
15.825	304.697
15.83	304.777
15.835	304.858
15.84	304.938
15.845	305.018
15.85	305.099
15.855	305.18
15.86	305.261
15.865	305.343
15.87	305.425
15.875	305.508
15.88	305.591
15.885	305.675
15.89	305.759
15.895	305.844
15.9	305.929
15.905	306.014
15.91	306.099
15.915	306.185
15.92	306.272
15.925	306.359
15.93	306.447
15.935	306.536
15.94	306.625
15.945	306.716
15.95	306.807
15.955	306.9
15.96	306.994
15.965	307.089
15.97	307.185
15.975	307.282
15.98	307.38
15.985	307.478
15.99	307.577
15.995	307.676
16	307.775
16.005	307.874
16.01	307.974
16.015	308.073
16.02	308.173
16.025	308.272
16.03	308.372
16.035	308.472
16.04	308.571
16.045	308.67
16.05	308.769
16.055	308.867
16.06	308.965
16.065	309.062
16.07	309.158
16.075	309.253
16.08	309.347
16.085	309.44
16.09	309.533
16.095	309.625
16.1	309.716
16.105	309.808
16.11	309.899
16.115	309.989
16.12	310.079
16.125	310.169
16.13	310.258
16.135	310.346
16.14	310.434
16.145	310.522
16.15	310.61
16.155	310.697
16.16	310.785
16.165	310.872
16.17	310.959
16.175	311.045
16.18	311.132
16.185	311.219
16.19	311.306
16.195	311.392
16.2	311.479
16.205	311.566
16.21	311.653
16.215	311.74
16.22	311.826
16.225	311.912
16.23	311.997
16.235	312.082
16.24	312.166
16.245	312.25
16.25	312.333
16.255	312.416
16.26	312.499
16.265	312.582
16.27	312.665
16.275	312.748
16.28	312.831
16.285	312.914
16.29	312.998
16.295	313.082
16.3	313.166
16.305	313.249
16.31	313.334
16.315	313.418
16.32	313.502
16.325	313.586
16.33	313.671
16.335	313.754
16.34	313.837
16.345	313.919
16.35	314
16.355	314.079
16.36	314.158
16.365	314.236
16.37	314.314
16.375	314.393
16.38	314.471
16.385	314.549
16.39	314.628
16.395	314.706
16.4	314.785
16.405	314.863
16.41	314.942
16.415	315.02
16.42	315.098
16.425	315.175
16.43	315.251
16.435	315.327
16.44	315.403
16.445	315.479
16.45	315.554
16.455	315.63
16.46	315.705
16.465	315.78
16.47	315.855
16.475	315.93
16.48	316.005
16.485	316.079
16.49	316.153
16.495	316.227
16.5	316.3
16.505	316.373
16.51	316.446
16.515	316.519
16.52	316.592
16.525	316.665
16.53	316.739
16.535	316.813
16.54	316.888
16.545	316.963
16.55	317.039
16.555	317.116
16.56	317.194
16.565	317.272
16.57	317.351
16.575	317.431
16.58	317.513
16.585	317.595
16.59	317.678
16.595	317.761
16.6	317.846
16.605	317.931
16.61	318.016
16.615	318.102
16.62	318.188
16.625	318.274
16.63	318.361
16.635	318.448
16.64	318.535
16.645	318.621
16.65	318.708
16.655	318.795
16.66	318.881
16.665	318.968
16.67	319.055
16.675	319.142
16.68	319.23
16.685	319.317
16.69	319.405
16.695	319.494
16.7	319.583
16.705	319.672
16.71	319.762
16.715	319.852
16.72	319.943
16.725	320.035
16.73	320.127
16.735	320.22
16.74	320.314
16.745	320.408
16.75	320.503
16.755	320.598
16.76	320.694
16.765	320.79
16.77	320.887
16.775	320.984
16.78	321.081
16.785	321.178
16.79	321.274
16.795	321.371
16.8	321.467
16.805	321.562
16.81	321.656
16.815	321.75
16.82	321.843
16.825	321.935
16.83	322.027
16.835	322.119
16.84	322.211
16.845	322.304
16.85	322.397
16.855	322.49
16.86	322.583
16.865	322.677
16.87	322.771
16.875	322.866
16.88	322.96
16.885	323.055
16.89	323.151
16.895	323.246
16.9	323.342
16.905	323.438
16.91	323.533
16.915	323.629
16.92	323.725
16.925	323.821
16.93	323.917
16.935	324.014
16.94	324.111
16.945	324.208
16.95	324.305
16.955	324.403
16.96	324.501
16.965	324.599
16.97	324.697
16.975	324.795
16.98	324.892
16.985	324.989
16.99	325.086
16.995	325.183
17	325.28
17.005	325.376
17.01	325.473
17.015	325.569
17.02	325.665
17.025	325.762
17.03	325.859
17.035	325.957
17.04	326.056
17.045	326.155
17.05	326.256
17.055	326.357
17.06	326.459
17.065	326.563
17.07	326.667
17.075	326.772
17.08	326.877
17.085	326.983
17.09	327.09
17.095	327.196
17.1	327.304
17.105	327.411
17.11	327.52
17.115	327.629
17.12	327.738
17.125	327.849
17.13	327.959
17.135	328.07
17.14	328.181
17.145	328.293
17.15	328.404
17.155	328.515
17.16	328.626
17.165	328.737
17.17	328.847
17.175	328.957
17.18	329.066
17.185	329.175
17.19	329.284
17.195	329.392
17.2	329.5
17.205	329.608
17.21	329.716
17.215	329.824
17.22	329.932
17.225	330.039
17.23	330.146
17.235	330.253
17.24	330.359
17.245	330.464
17.25	330.569
17.255	330.674
17.26	330.777
17.265	330.879
17.27	330.98
17.275	331.079
17.28	331.177
17.285	331.274
17.29	331.371
17.295	331.467
17.3	331.564
17.305	331.66
17.31	331.757
17.315	331.853
17.32	331.95
17.325	332.047
17.33	332.145
17.335	332.243
17.34	332.341
17.345	332.441
17.35	332.54
17.355	332.641
17.36	332.742
17.365	332.843
17.37	332.946
17.375	333.048
17.38	333.151
17.385	333.254
17.39	333.358
17.395	333.461
17.4	333.565
17.405	333.67
17.41	333.774
17.415	333.879
17.42	333.983
17.425	334.088
17.43	334.193
17.435	334.299
17.44	334.404
17.445	334.51
17.45	334.616
17.455	334.722
17.46	334.828
17.465	334.934
17.47	335.041
17.475	335.148
17.48	335.255
17.485	335.363
17.49	335.471
17.495	335.58
17.5	335.689
17.505	335.799
17.51	335.91
17.515	336.021
17.52	336.133
17.525	336.246
17.53	336.358
17.535	336.471
17.54	336.585
17.545	336.698
17.55	336.812
17.555	336.927
17.56	337.041
17.565	337.156
17.57	337.271
17.575	337.385
17.58	337.5
17.585	337.615
17.59	337.73
17.595	337.846
17.6	337.962
17.605	338.078
17.61	338.194
17.615	338.311
17.62	338.428
17.625	338.545
17.63	338.664
17.635	338.782
17.64	338.901
17.645	339.021
17.65	339.141
17.655	339.261
17.66	339.381
17.665	339.501
17.67	339.621
17.675	339.742
17.68	339.862
17.685	339.982
17.69	340.103
17.695	340.224
17.7	340.346
17.705	340.467
17.71	340.589
17.715	340.711
17.72	340.832
17.725	340.953
17.73	341.072
17.735	341.19
17.74	341.306
17.745	341.42
17.75	341.532
17.755	341.642
17.76	341.75
17.765	341.856
17.77	341.961
17.775	342.064
17.78	342.166
17.785	342.267
17.79	342.367
17.795	342.466
17.8	342.565
17.805	342.664
17.81	342.763
17.815	342.862
17.82	342.962
17.825	343.061
17.83	343.16
17.835	343.26
17.84	343.359
17.845	343.459
17.85	343.558
17.855	343.657
17.86	343.757
17.865	343.856
17.87	343.956
17.875	344.056
17.88	344.157
17.885	344.258
17.89	344.36
17.895	344.463
17.9	344.567
17.905	344.671
17.91	344.775
17.915	344.881
17.92	344.987
17.925	345.094
17.93	345.202
17.935	345.31
17.94	345.419
17.945	345.528
17.95	345.638
17.955	345.747
17.96	345.857
17.965	345.966
17.97	346.075
17.975	346.183
17.98	346.291
17.985	346.399
17.99	346.506
17.995	346.613
18	346.719
18.005	346.825
18.01	346.931
18.015	347.036
18.02	347.141
18.025	347.246
18.03	347.35
18.035	347.453
18.04	347.556
18.045	347.659
18.05	347.76
18.055	347.861
18.06	347.962
18.065	348.062
18.07	348.161
18.075	348.259
18.08	348.356
18.085	348.453
18.09	348.55
18.095	348.645
18.1	348.74
18.105	348.834
18.11	348.928
18.115	349.02
18.12	349.111
18.125	349.201
18.13	349.29
18.135	349.379
18.14	349.467
18.145	349.555
18.15	349.642
18.155	349.729
18.16	349.816
18.165	349.902
18.17	349.989
18.175	350.075
18.18	350.161
18.185	350.247
18.19	350.333
18.195	350.419
18.2	350.505
18.205	350.592
18.21	350.678
18.215	350.765
18.22	350.852
18.225	350.94
18.23	351.027
18.235	351.116
18.24	351.204
18.245	351.293
18.25	351.381
18.255	351.47
18.26	351.558
18.265	351.645
18.27	351.732
18.275	351.819
18.28	351.905
18.285	351.99
18.29	352.075
18.295	352.161
18.3	352.246
18.305	352.331
18.31	352.416
18.315	352.501
18.32	352.587
18.325	352.672
18.33	352.758
18.335	352.845
18.34	352.931
18.345	353.019
18.35	353.106
18.355	353.194
18.36	353.283
18.365	353.372
18.37	353.462
18.375	353.553
18.38	353.643
18.385	353.735
18.39	353.826
18.395	353.918
18.4	354.009
18.405	354.1
18.41	354.191
18.415	354.281
18.42	354.37
18.425	354.459
18.43	354.548
18.435	354.636
18.44	354.725
18.445	354.813
18.45	354.902
18.455	354.991
18.46	355.079
18.465	355.169
18.47	355.258
18.475	355.347
18.48	355.437
18.485	355.527
18.49	355.617
18.495	355.708
18.5	355.798
18.505	355.889
18.51	355.98
18.515	356.071
18.52	356.162
18.525	356.253
18.53	356.344
18.535	356.436
18.54	356.527
18.545	356.619
18.55	356.711
18.555	356.803
18.56	356.895
18.565	356.987
18.57	357.08
18.575	357.173
18.58	357.266
18.585	357.36
18.59	357.455
18.595	357.55
18.6	357.646
18.605	357.742
18.61	357.838
18.615	357.935
18.62	358.032
18.625	358.129
18.63	358.225
18.635	358.322
18.64	358.419
18.645	358.517
18.65	358.615
18.655	358.713
18.66	358.813
18.665	358.913
18.67	359.014
18.675	359.117
18.68	359.221
18.685	359.325
18.69	359.431
18.695	359.538
18.7	359.646
18.705	359.755
18.71	359.865
18.715	359.976
18.72	360.087
18.725	360.198
18.73	360.311
18.735	360.423
18.74	360.536
18.745	360.65
18.75	360.764
18.755	360.879
18.76	360.996
18.765	361.113
18.77	361.232
18.775	361.352
18.78	361.472
18.785	361.594
18.79	361.715
18.795	361.837
18.8	361.958
18.805	362.079
18.81	362.2
18.815	362.32
18.82	362.44
18.825	362.558
18.83	362.676
18.835	362.793
18.84	362.909
18.845	363.025
18.85	363.139
18.855	363.254
18.86	363.367
18.865	363.48
18.87	363.593
18.875	363.706
18.88	363.819
18.885	363.932
18.89	364.046
18.895	364.161
18.9	364.276
18.905	364.392
18.91	364.508
18.915	364.624
18.92	364.74
18.925	364.855
18.93	364.97
18.935	365.084
18.94	365.196
18.945	365.307
18.95	365.416
18.955	365.524
18.96	365.63
18.965	365.735
18.97	365.84
18.975	365.943
18.98	366.047
18.985	366.15
18.99	366.252
18.995	366.354
19	366.456
19.005	366.557
19.01	366.658
19.015	366.758
19.02	366.857
19.025	366.955
19.03	367.053
19.035	367.15
19.04	367.246
19.045	367.341
19.05	367.436
19.055	367.53
19.06	367.624
19.065	367.716
19.07	367.809
19.075	367.9
19.08	367.991
19.085	368.081
19.09	368.171
19.095	368.26
19.1	368.349
19.105	368.438
19.11	368.527
19.115	368.616
19.12	368.706
19.125	368.795
19.13	368.885
19.135	368.975
19.14	369.066
19.145	369.157
19.15	369.249
19.155	369.341
19.16	369.433
19.165	369.525
19.17	369.616
19.175	369.706
19.18	369.794
19.185	369.88
19.19	369.965
19.195	370.048
19.2	370.13
19.205	370.212
19.21	370.294
19.215	370.377
19.22	370.459
19.225	370.542
19.23	370.626
19.235	370.712
19.24	370.798
19.245	370.886
19.25	370.975
19.255	371.065
19.26	371.156
19.265	371.248
19.27	371.34
19.275	371.432
19.28	371.524
19.285	371.617
19.29	371.709
19.295	371.801
19.3	371.894
19.305	371.986
19.31	372.079
19.315	372.173
19.32	372.268
19.325	372.363
19.33	372.459
19.335	372.556
19.34	372.654
19.345	372.752
19.35	372.851
19.355	372.95
19.36	373.05
19.365	373.151
19.37	373.253
19.375	373.356
19.38	373.46
19.385	373.565
19.39	373.67
19.395	373.777
19.4	373.884
19.405	373.992
19.41	374.1
19.415	374.209
19.42	374.317
19.425	374.426
19.43	374.535
19.435	374.643
19.44	374.75
19.445	374.857
19.45	374.964
19.455	375.069
19.46	375.174
19.465	375.279
19.47	375.383
19.475	375.488
19.48	375.592
19.485	375.697
19.49	375.801
19.495	375.907
19.5	376.012
19.505	376.119
19.51	376.226
19.515	376.333
19.52	376.441
19.525	376.549
19.53	376.657
19.535	376.766
19.54	376.875
19.545	376.985
19.55	377.095
19.555	377.205
19.56	377.316
19.565	377.427
19.57	377.538
19.575	377.65
19.58	377.762
19.585	377.875
19.59	377.988
19.595	378.102
19.6	378.216
19.605	378.33
19.61	378.445
19.615	378.56
19.62	378.676
19.625	378.792
19.63	378.909
19.635	379.026
19.64	379.144
19.645	379.262
19.65	379.381
19.655	379.499
19.66	379.619
19.665	379.738
19.67	379.857
19.675	379.977
19.68	380.097
19.685	380.217
19.69	380.337
19.695	380.457
19.7	380.577
19.705	380.697
19.71	380.818
19.715	380.938
19.72	381.059
19.725	381.181
19.73	381.303
19.735	381.425
19.74	381.548
19.745	381.672
19.75	381.796
19.755	381.92
19.76	382.046
19.765	382.171
19.77	382.297
19.775	382.424
19.78	382.55
19.785	382.677
19.79	382.805
19.795	382.932
19.8	383.059
19.805	383.186
19.81	383.313
19.815	383.439
19.82	383.565
19.825	383.691
19.83	383.817
19.835	383.943
19.84	384.068
19.845	384.193
19.85	384.318
19.855	384.442
19.86	384.565
19.865	384.688
19.87	384.809
19.875	384.93
19.88	385.05
19.885	385.169
19.89	385.288
19.895	385.406
19.9	385.524
19.905	385.642
19.91	385.76
19.915	385.877
19.92	385.995
19.925	386.113
19.93	386.231
19.935	386.349
19.94	386.467
19.945	386.584
19.95	386.702
19.955	386.818
19.96	386.934
19.965	387.048
19.97	387.16
19.975	387.271
19.98	387.38
19.985	387.487
19.99	387.592
19.995	387.696
20	387.798
20.005	387.898
20.01	387.998
20.015	388.098
20.02	388.197
20.025	388.296
20.03	388.395
20.035	388.495
20.04	388.594
20.045	388.693
20.05	388.792
20.055	388.892
20.06	388.991
20.065	389.09
20.07	389.189
20.075	389.289
20.08	389.389
20.085	389.488
20.09	389.588
20.095	389.689
20.1	389.789
20.105	389.89
20.11	389.992
20.115	390.093
20.12	390.195
20.125	390.298
20.13	390.401
20.135	390.504
20.14	390.607
20.145	390.711
20.15	390.815
20.155	390.919
20.16	391.024
20.165	391.129
20.17	391.235
20.175	391.341
20.18	391.447
20.185	391.553
20.19	391.66
20.195	391.767
20.2	391.873
20.205	391.979
20.21	392.085
20.215	392.19
20.22	392.295
20.225	392.399
20.23	392.503
20.235	392.608
20.24	392.712
20.245	392.817
20.25	392.923
20.255	393.029
20.26	393.136
20.265	393.243
20.27	393.35
20.275	393.456
20.28	393.563
20.285	393.669
20.29	393.775
20.295	393.88
20.3	393.984
20.305	394.087
20.31	394.19
20.315	394.293
20.32	394.395
20.325	394.498
20.33	394.601
20.335	394.704
20.34	394.808
20.345	394.913
20.35	395.018
20.355	395.124
20.36	395.231
20.365	395.339
20.37	395.447
20.375	395.555
20.38	395.665
20.385	395.775
20.39	395.885
20.395	395.996
20.4	396.108
20.405	396.219
20.41	396.331
20.415	396.443
20.42	396.554
20.425	396.666
20.43	396.778
20.435	396.89
20.44	397.001
20.445	397.113
20.45	397.225
20.455	397.337
20.46	397.449
20.465	397.561
20.47	397.673
20.475	397.786
20.48	397.898
20.485	398.011
20.49	398.124
20.495	398.236
20.5	398.349
20.505	398.461
20.51	398.573
20.515	398.684
20.52	398.796
20.525	398.907
20.53	399.019
20.535	399.13
20.54	399.241
20.545	399.352
20.55	399.462
20.555	399.573
20.56	399.683
20.565	399.793
20.57	399.903
20.575	400.012
20.58	400.12
20.585	400.228
20.59	400.335
20.595	400.441
20.6	400.547
20.605	400.652
20.61	400.757
20.615	400.861
20.62	400.965
20.625	401.069
20.63	401.173
20.635	401.277
20.64	401.381
20.645	401.485
20.65	401.588
20.655	401.691
20.66	401.793
20.665	401.895
20.67	401.995
20.675	402.093
20.68	402.191
20.685	402.286
20.69	402.38
20.695	402.473
20.7	402.565
20.705	402.655
20.71	402.745
20.715	402.833
20.72	402.921
20.725	403.008
20.73	403.093
20.735	403.178
20.74	403.263
20.745	403.347
20.75	403.431
20.755	403.516
20.76	403.601
20.765	403.685
20.77	403.77
20.775	403.854
20.78	403.938
20.785	404.021
20.79	404.105
20.795	404.187
20.8	404.27
20.805	404.352
20.81	404.435
20.815	404.517
20.82	404.599
20.825	404.68
20.83	404.762
20.835	404.844
20.84	404.925
20.845	405.007
20.85	405.088
20.855	405.17
20.86	405.253
20.865	405.335
20.87	405.418
20.875	405.501
20.88	405.586
20.885	405.67
20.89	405.756
20.895	405.843
20.9	405.93
20.905	406.018
20.91	406.108
20.915	406.198
20.92	406.29
20.925	406.383
20.93	406.476
20.935	406.571
20.94	406.667
20.945	406.764
20.95	406.863
20.955	406.962
20.96	407.062
20.965	407.162
20.97	407.263
20.975	407.365
20.98	407.467
20.985	407.57
20.99	407.674
20.995	407.778
21	407.882
21.005	407.987
21.01	408.093
21.015	408.199
21.02	408.306
21.025	408.414
21.03	408.523
21.035	408.632
21.04	408.743
21.045	408.854
21.05	408.965
21.055	409.077
21.06	409.189
21.065	409.302
21.07	409.414
21.075	409.527
21.08	409.64
21.085	409.752
21.09	409.864
21.095	409.975
21.1	410.086
21.105	410.196
21.11	410.306
21.115	410.415
21.12	410.524
21.125	410.632
21.13	410.74
21.135	410.847
21.14	410.955
21.145	411.062
21.15	411.168
21.155	411.275
21.16	411.381
21.165	411.486
21.17	411.592
21.175	411.697
21.18	411.803
21.185	411.908
21.19	412.013
21.195	412.117
21.2	412.222
21.205	412.326
21.21	412.43
21.215	412.534
21.22	412.638
21.225	412.741
21.23	412.845
21.235	412.948
21.24	413.051
21.245	413.154
21.25	413.258
21.255	413.361
21.26	413.465
21.265	413.569
21.27	413.673
21.275	413.777
21.28	413.881
21.285	413.985
21.29	414.088
21.295	414.191
21.3	414.295
21.305	414.399
21.31	414.502
21.315	414.606
21.32	414.71
21.325	414.814
21.33	414.918
21.335	415.021
21.34	415.125
21.345	415.229
21.35	415.333
21.355	415.437
21.36	415.541
21.365	415.646
21.37	415.751
21.375	415.856
21.38	415.961
21.385	416.067
21.39	416.172
21.395	416.277
21.4	416.382
21.405	416.486
21.41	416.589
21.415	416.692
21.42	416.794
21.425	416.896
21.43	416.998
21.435	417.1
21.44	417.201
21.445	417.302
21.45	417.403
21.455	417.503
21.46	417.603
21.465	417.702
21.47	417.801
21.475	417.9
21.48	417.999
21.485	418.099
21.49	418.198
21.495	418.298
21.5	418.398
21.505	418.499
21.51	418.6
21.515	418.701
21.52	418.803
21.525	418.905
21.53	419.006
21.535	419.108
21.54	419.21
21.545	419.311
21.55	419.413
21.555	419.514
21.56	419.614
21.565	419.714
21.57	419.812
21.575	419.909
21.58	420.006
21.585	420.101
21.59	420.194
21.595	420.286
21.6	420.376
21.605	420.464
21.61	420.551
21.615	420.637
21.62	420.721
21.625	420.803
21.63	420.884
21.635	420.963
21.64	421.042
21.645	421.119
21.65	421.196
21.655	421.272
21.66	421.349
21.665	421.425
21.67	421.501
21.675	421.577
21.68	421.655
21.685	421.732
21.69	421.811
21.695	421.889
21.7	421.969
21.705	422.049
21.71	422.129
21.715	422.21
21.72	422.291
21.725	422.373
21.73	422.455
21.735	422.537
21.74	422.621
21.745	422.705
21.75	422.789
21.755	422.874
21.76	422.96
21.765	423.047
21.77	423.134
21.775	423.221
21.78	423.309
21.785	423.396
21.79	423.484
21.795	423.571
21.8	423.657
21.805	423.742
21.81	423.827
21.815	423.91
21.82	423.994
21.825	424.077
21.83	424.16
21.835	424.243
21.84	424.326
21.845	424.409
21.85	424.492
21.855	424.576
21.86	424.659
21.865	424.744
21.87	424.828
21.875	424.913
21.88	424.999
21.885	425.085
21.89	425.173
21.895	425.261
21.9	425.349
21.905	425.438
21.91	425.528
21.915	425.619
21.92	425.71
21.925	425.801
21.93	425.892
21.935	425.982
21.94	426.072
21.945	426.162
21.95	426.251
21.955	426.338
21.96	426.426
21.965	426.512
21.97	426.599
21.975	426.685
21.98	426.771
21.985	426.858
21.99	426.945
21.995	427.033
22	427.122
22.005	427.211
22.01	427.301
22.015	427.393
22.02	427.485
22.025	427.578
22.03	427.672
22.035	427.767
22.04	427.862
22.045	427.958
22.05	428.055
22.055	428.152
22.06	428.249
22.065	428.346
22.07	428.442
22.075	428.538
22.08	428.633
22.085	428.728
22.09	428.823
22.095	428.918
22.1	429.012
22.105	429.107
22.11	429.202
22.115	429.298
22.12	429.395
22.125	429.492
22.13	429.589
22.135	429.687
22.14	429.785
22.145	429.884
22.15	429.982
22.155	430.08
22.16	430.178
22.165	430.276
22.17	430.373
22.175	430.471
22.18	430.567
22.185	430.664
22.19	430.76
22.195	430.855
22.2	430.95
22.205	431.045
22.21	431.139
22.215	431.233
22.22	431.326
22.225	431.42
22.23	431.513
22.235	431.606
22.24	431.698
22.245	431.79
22.25	431.882
22.255	431.973
22.26	432.064
22.265	432.154
22.27	432.244
22.275	432.333
22.28	432.422
22.285	432.51
22.29	432.598
22.295	432.685
22.3	432.773
22.305	432.86
22.31	432.947
22.315	433.034
22.32	433.12
22.325	433.207
22.33	433.294
22.335	433.381
22.34	433.467
22.345	433.554
22.35	433.64
22.355	433.726
22.36	433.811
22.365	433.896
22.37	433.981
22.375	434.066
22.38	434.151
22.385	434.237
22.39	434.322
22.395	434.407
22.4	434.492
22.405	434.576
22.41	434.661
22.415	434.745
22.42	434.828
22.425	434.912
22.43	434.995
22.435	435.077
22.44	435.159
22.445	435.241
22.45	435.322
22.455	435.403
22.46	435.484
22.465	435.566
22.47	435.647
22.475	435.729
22.48	435.811
22.485	435.893
22.49	435.975
22.495	436.058
22.5	436.142
22.505	436.225
22.51	436.309
22.515	436.393
22.52	436.476
22.525	436.56
22.53	436.642
22.535	436.724
22.54	436.805
22.545	436.884
22.55	436.961
22.555	437.038
22.56	437.113
22.565	437.187
22.57	437.262
22.575	437.336
22.58	437.409
22.585	437.483
22.59	437.557
22.595	437.631
22.6	437.705
22.605	437.779
22.61	437.854
22.615	437.928
22.62	438.002
22.625	438.077
22.63	438.151
22.635	438.226
22.64	438.3
22.645	438.376
22.65	438.451
22.655	438.527
22.66	438.603
22.665	438.68
22.67	438.757
22.675	438.835
22.68	438.913
22.685	438.991
22.69	439.069
22.695	439.147
22.7	439.225
22.705	439.303
22.71	439.381
22.715	439.459
22.72	439.537
22.725	439.615
22.73	439.694
22.735	439.772
22.74	439.85
22.745	439.928
22.75	440.006
22.755	440.084
22.76	440.161
22.765	440.239
22.77	440.316
22.775	440.392
22.78	440.469
22.785	440.545
22.79	440.621
22.795	440.698
22.8	440.775
22.805	440.852
22.81	440.93
22.815	441.009
22.82	441.088
22.825	441.169
22.83	441.251
22.835	441.334
22.84	441.418
22.845	441.504
22.85	441.591
22.855	441.68
22.86	441.769
22.865	441.859
22.87	441.95
22.875	442.041
22.88	442.133
22.885	442.225
22.89	442.318
22.895	442.411
22.9	442.505
22.905	442.599
22.91	442.694
22.915	442.79
22.92	442.886
22.925	442.982
22.93	443.079
22.935	443.176
22.94	443.274
22.945	443.372
22.95	443.47
22.955	443.569
22.96	443.669
22.965	443.768
22.97	443.869
22.975	443.97
22.98	444.071
22.985	444.174
22.99	444.278
22.995	444.382
23	444.488
23.005	444.595
23.01	444.703
23.015	444.811
23.02	444.919
23.025	445.028
23.03	445.136
23.035	445.244
23.04	445.352
23.045	445.459
23.05	445.566
23.055	445.674
23.06	445.781
23.065	445.888
23.07	445.996
23.075	446.104
23.08	446.212
23.085	446.321
23.09	446.43
23.095	446.538
23.1	446.647
23.105	446.755
23.11	446.864
23.115	446.972
23.12	447.082
23.125	447.191
23.13	447.301
23.135	447.411
23.14	447.522
23.145	447.632
23.15	447.742
23.155	447.853
23.16	447.963
23.165	448.074
23.17	448.184
23.175	448.294
23.18	448.405
23.185	448.516
23.19	448.626
23.195	448.738
23.2	448.849
23.205	448.961
23.21	449.074
23.215	449.187
23.22	449.3
23.225	449.414
23.23	449.527
23.235	449.641
23.24	449.755
23.245	449.869
23.25	449.983
23.255	450.097
23.26	450.21
23.265	450.322
23.27	450.433
23.275	450.543
23.28	450.651
23.285	450.758
23.29	450.864
23.295	450.968
23.3	451.072
23.305	451.174
23.31	451.277
23.315	451.379
23.32	451.481
23.325	451.584
23.33	451.687
23.335	451.791
23.34	451.896
23.345	452.002
23.35	452.109
23.355	452.218
23.36	452.329
23.365	452.441
23.37	452.554
23.375	452.669
23.38	452.784
23.385	452.901
23.39	453.018
23.395	453.136
23.4	453.254
23.405	453.372
23.41	453.491
23.415	453.61
23.42	453.729
23.425	453.848
23.43	453.967
23.435	454.086
23.44	454.205
23.445	454.323
23.45	454.442
23.455	454.56
23.46	454.679
23.465	454.797
23.47	454.916
23.475	455.036
23.48	455.155
23.485	455.276
23.49	455.397
23.495	455.518
23.5	455.64
23.505	455.763
23.51	455.886
23.515	456.009
23.52	456.133
23.525	456.256
23.53	456.379
23.535	456.502
23.54	456.625
23.545	456.747
23.55	456.87
23.555	456.992
23.56	457.113
23.565	457.235
23.57	457.357
23.575	457.479
23.58	457.602
23.585	457.724
23.59	457.847
23.595	457.969
23.6	458.091
23.605	458.214
23.61	458.337
23.615	458.46
23.62	458.583
23.625	458.707
23.63	458.831
23.635	458.956
23.64	459.081
23.645	459.207
23.65	459.333
23.655	459.459
23.66	459.585
23.665	459.711
23.67	459.838
23.675	459.965
23.68	460.092
23.685	460.219
23.69	460.347
23.695	460.476
23.7	460.605
23.705	460.735
23.71	460.865
23.715	460.996
23.72	461.127
23.725	461.259
23.73	461.391
23.735	461.524
23.74	461.657
23.745	461.791
23.75	461.925
23.755	462.059
23.76	462.194
23.765	462.328
23.77	462.464
23.775	462.599
23.78	462.735
23.785	462.872
23.79	463.009
23.795	463.146
23.8	463.284
23.805	463.422
23.81	463.56
23.815	463.699
23.82	463.838
23.825	463.976
23.83	464.115
23.835	464.253
23.84	464.391
23.845	464.528
23.85	464.664
23.855	464.799
23.86	464.933
23.865	465.066
23.87	465.199
23.875	465.33
23.88	465.461
23.885	465.591
23.89	465.72
23.895	465.848
23.9	465.976
23.905	466.102
23.91	466.228
23.915	466.352
23.92	466.475
23.925	466.597
23.93	466.719
23.935	466.84
23.94	466.96
23.945	467.08
23.95	467.199
23.955	467.319
23.96	467.438
23.965	467.557
23.97	467.677
23.975	467.797
23.98	467.918
23.985	468.038
23.99	468.159
23.995	468.281
24	468.403
24.005	468.524
24.01	468.646
24.015	468.768
24.02	468.89
24.025	469.011
24.03	469.131
24.035	469.251
24.04	469.37
24.045	469.489
24.05	469.607
24.055	469.725
24.06	469.842
24.065	469.959
24.07	470.075
24.075	470.191
24.08	470.307
24.085	470.423
24.09	470.539
24.095	470.656
24.1	470.773
24.105	470.891
24.11	471.009
24.115	471.127
24.12	471.246
24.125	471.365
24.13	471.484
24.135	471.603
24.14	471.722
24.145	471.84
24.15	471.957
24.155	472.073
24.16	472.188
24.165	472.301
24.17	472.414
24.175	472.526
24.18	472.638
24.185	472.749
24.19	472.861
24.195	472.973
24.2	473.085
24.205	473.197
24.21	473.309
24.215	473.421
24.22	473.533
24.225	473.645
24.23	473.757
24.235	473.869
24.24	473.981
24.245	474.092
24.25	474.203
24.255	474.313
24.26	474.422
24.265	474.531
24.27	474.64
24.275	474.748
24.28	474.856
24.285	474.965
24.29	475.074
24.295	475.183
24.3	475.292
24.305	475.403
24.31	475.514
24.315	475.626
24.32	475.739
24.325	475.853
24.33	475.968
24.335	476.083
24.34	476.199
24.345	476.316
24.35	476.433
24.355	476.551
24.36	476.67
24.365	476.789
24.37	476.909
24.375	477.03
24.38	477.151
24.385	477.273
24.39	477.395
24.395	477.518
24.4	477.641
24.405	477.764
24.41	477.887
24.415	478.009
24.42	478.131
24.425	478.253
24.43	478.375
24.435	478.496
24.44	478.616
24.445	478.736
24.45	478.856
24.455	478.975
24.46	479.094
24.465	479.214
24.47	479.333
24.475	479.452
24.48	479.572
24.485	479.692
24.49	479.813
24.495	479.934
24.5	480.056
24.505	480.18
24.51	480.304
24.515	480.429
24.52	480.555
24.525	480.682
24.53	480.808
24.535	480.935
24.54	481.06
24.545	481.184
24.55	481.308
24.555	481.43
24.56	481.553
24.565	481.675
24.57	481.797
24.575	481.92
24.58	482.043
24.585	482.167
24.59	482.291
24.595	482.415
24.6	482.539
24.605	482.663
24.61	482.786
24.615	482.909
24.62	483.032
24.625	483.154
24.63	483.275
24.635	483.397
24.64	483.518
24.645	483.639
24.65	483.76
24.655	483.882
24.66	484.004
24.665	484.126
24.67	484.249
24.675	484.372
24.68	484.495
24.685	484.619
24.69	484.742
24.695	484.866
24.7	484.99
24.705	485.113
24.71	485.235
24.715	485.358
24.72	485.48
24.725	485.602
24.73	485.725
24.735	485.848
24.74	485.971
24.745	486.095
24.75	486.22
24.755	486.346
24.76	486.472
24.765	486.599
24.77	486.727
24.775	486.856
24.78	486.985
24.785	487.114
24.79	487.244
24.795	487.373
24.8	487.502
24.805	487.632
24.81	487.761
24.815	487.889
24.82	488.018
24.825	488.147
24.83	488.276
24.835	488.405
24.84	488.533
24.845	488.662
24.85	488.79
24.855	488.918
24.86	489.047
24.865	489.175
24.87	489.304
24.875	489.432
24.88	489.561
24.885	489.69
24.89	489.819
24.895	489.948
24.9	490.077
24.905	490.206
24.91	490.335
24.915	490.464
24.92	490.593
24.925	490.722
24.93	490.851
24.935	490.981
24.94	491.11
24.945	491.24
24.95	491.369
24.955	491.498
24.96	491.628
24.965	491.757
24.97	491.885
24.975	492.014
24.98	492.143
24.985	492.272
24.99	492.402
24.995	492.531
